Heat Index
  Rv F>    80    82    84    86    88    90    92    94    96    98   100   102   104   106   108   110
    40%    80    81    83    85    88    91    94    97   101   105   109   114   119   124   130   136
    45%    80    82    84    87    89    92    96   100   104   109   114   119   124   130   137   143
    50%    81    83    85    88    91    95    99   103   108   113   118   124   131   137   144   152
    55%    81    84    86    89    93    97   101   106   112   117   124   130   137   145   153   161
    60%    82    84    88    91    95   100   105   110   116   123   129   137   145   153   162   171
    65%    82    85    89    93    98   103   108   114   121   128   136   144   153   162   172   182
    70%    83    86    90    95   100   106   112   119   126   134   143   152   161   172   182   194
    75%    84    88    92    97   103   109   116   124   132   141   150   160   171   182   193   206
    80%    84    89    94   100   106   113   121   129   138   148   158   169   181   193   205   219
    85%    85    90    96   102   110   117   126   135   145   155   167   179   191   204   218   233
    90%    86    91    98   105   113   122   131   141   152   164   176   189   202   216   231   247
    95%    86    93   100   108   117   127   137   148   160   172   185   199   214   229   245   262
   100%    87    95   103   112   121   132   143   155   168   181   195   210   226   243   260   278